,0
0,7822
1,27989
2,22
3,6504
4,41300
5,0
6,18040
7,23163
8,32556
9,0
10,0
11,8631
12,19988
13,5630
14,214
15,32820
16,4669
17,23843
18,0
19,16461
20,22409
21,3255
22,13002
23,0
24,0
25,41884
26,0
27,12223
28,5134
29,0
30,8777
31,22511
32,11792
33,16358
34,13041
35,0
36,0
37,0
38,37782
39,20868
40,2829
41,19265
42,0
43,1
44,35277
45,0
46,15096
47,9592
48,5070
49,20588
50,5825
51,0
52,21175
53,18424
54,44569
55,0
56,10391
57,330
58,7314
59,12136
60,8742
61,12973
62,556
63,22393
64,18196
65,29997
66,0
67,0
68,20787
69,9832
70,32471
71,0
72,11828
73,20225
74,6522
75,0
76,4141
77,17123
78,2244
79,29153
80,1
81,39350
82,21910
83,4060
84,108
85,11508
86,14877
87,20
88,3456
89,45595
90,6696
91,7752
92,10484
93,21466
94,0
95,0
96,20446
97,0
98,25863
99,679
100,278
101,27492
102,30450
103,0
104,5565
105,46193
106,0
107,24970
108,0
109,5850
110,0
111,1687
112,11205
113,23697
114,22358
115,47094
116,9
117,3663
118,0
119,3827
120,2534
121,32350
122,0
123,12496
124,0
125,36084
126,0
127,16650
128,22152
129,0
130,14996
131,0
132,219
133,49032
134,2942
135,0
136,9560
137,5242
138,29448
139,18267
140,3399
141,7
142,36817
143,4913
144,9025
145,15285
146,0
147,13799
148,26504
149,7962
150,4764
151,20234
152,9014
153,11530
154,55416
155,10280
156,4090
157,1640
158,6414
159,3892
160,10088
161,3558
162,15076
163,2
164,45698
165,3
166,19379
167,0
168,3612
169,18634
170,12726
171,936
172,14720
173,6038
174,50314
175,8790
176,0
177,15174
178,23905
179,28344
180,0
181,7411
182,12817
183,0
184,11769
185,2361
186,51798
187,0
188,12454
189,20263
190,0
191,5467
192,0
193,36044
194,0
195,9300
196,15002
197,26262
198,0
199,19116
200,0
201,59751
202,0
203,34434
204,0
205,4005
206,142
207,6417
208,17431
209,53235
210,0
211,0
212,32446
213,3
214,5942
215,34113
216,0
217,16102
218,3650
219,13928
220,6584
221,60
222,48090
223,30108
224,36396
225,0
226,11423
227,52880
228,1038
229,2804
230,11644
231,0
232,0
233,17203
234,7021
235,6396
236,5796
237,28240
238,0
239,0
240,29923
241,63927
242,15226
243,3488
244,3405
245,19637
246,263
247,4726
248,9461
249,32291
250,9
251,0
252,0
253,0
254,0
255,80782
